array([2.49841249e-22, 1.60500724e-22, 1.80834682e-22, 3.16674658e-22,
       8.15931175e-22, 4.69621209e-22, 2.45756293e-22, 9.43085495e-23,
       9.16865250e-23, 1.82523184e-22, 1.37703661e-22, 1.33734687e-22,
       7.39660116e-23, 7.38196492e-23, 8.69505262e-23, 1.32876373e-22,
       1.30818666e-22, 1.20673312e-22, 8.14284710e-23, 1.12218575e-22,
       2.16486707e-22, 3.88095762e-22, 5.54034445e-22, 7.54875171e-22,
       4.64654465e-22, 3.31054597e-22, 4.69263211e-22, 2.46008874e-22,
       1.83036651e-22, 3.52805739e-23, 1.28663482e-23, 8.56005325e-24,
       3.05145088e-24, 1.40717408e-24, 6.84470750e-25, 7.69986596e-25,
       4.20785894e-25, 4.58812300e-25, 8.06265140e-25, 6.73536021e-24,
       1.32658691e-23, 4.48001504e-24, 4.54144705e-24, 2.64196465e-24,
       4.73220790e-24, 1.01188024e-23, 6.56132511e-24, 7.88883306e-24,
       1.95450249e-23, 1.67824820e-23, 4.47110458e-23, 1.86312154e-23,
       3.97125375e-24, 9.61520115e-24, 1.15951166e-23, 6.14892942e-24,
       2.70610055e-24, 6.31304115e-25, 2.32311478e-24, 3.22328013e-23,
       6.30583135e-23, 1.71149971e-22, 3.94999449e-23, 6.48901636e-24,
       1.19861435e-22, 9.24389815e-22, 1.36403422e-21, 6.30785231e-22,
       1.83039579e-22, 8.11401991e-22, 2.19615819e-20, 2.95269854e-19,
       2.34315635e-18, 3.51538924e-18, 4.61754115e-18, 5.39857386e-17,
       6.63552051e-16, 1.86911228e-15, 2.12157736e-15, 1.59394722e-15,
       4.98284123e-15, 4.32150964e-14, 9.02600598e-14, 1.75592313e-13,
       1.61090237e-13, 2.13605081e-13, 1.77981676e-12, 6.40716932e-12,
       1.40151544e-11, 1.53012140e-11, 1.10814634e-11, 2.22851112e-11,
       9.21466413e-11, 1.43348382e-10, 1.82629401e-10, 2.19405893e-10,
       2.10397437e-10, 6.43153000e-10, 2.15933121e-09, 3.86205701e-09,
       3.90046850e-09, 2.22610956e-09, 2.04679344e-09, 4.91875390e-09,
       4.72338000e-09, 4.82024333e-09, 3.35431211e-09, 1.98661015e-09,
       2.44947239e-09, 3.07477053e-09, 4.26334286e-09, 5.13026131e-09,
       2.62093399e-09, 1.16161158e-09, 1.28391942e-09, 1.21049487e-09,
       1.11143218e-09, 6.54632700e-10, 2.29761085e-10, 1.10065841e-10,
       9.20774609e-11, 1.42292626e-10, 1.35953322e-10, 3.65490127e-11,
       7.35965231e-12, 4.33433605e-12, 5.94755023e-12, 5.70584988e-12,
       1.10514286e-12, 9.33878079e-14, 7.81351053e-15, 5.79927704e-15,
       2.00867291e-14, 1.98051063e-14, 1.51904602e-15, 3.32090487e-17,
       8.54992427e-19, 1.78551475e-18, 9.29856827e-18, 1.94857429e-18,
       4.48664571e-20, 1.05856797e-23, 1.46669807e-26, 1.34525871e-24,
       5.10232021e-23, 2.56714035e-22, 1.58759122e-23, 3.19171393e-27,
       1.96325093e-28, 1.44961060e-26, 2.48650186e-26, 2.52858783e-26,
       1.97763687e-31, 3.06059544e-39, 2.20162006e-41, 4.22218315e-36,
       4.69987313e-30, 3.68590749e-31, 1.96249581e-34, 2.51510690e-40,
       1.43269731e-38, 1.97323747e-45, 2.40458973e-35, 4.94126256e-30,
       1.22262903e-26, 1.16832579e-27, 2.99927104e-29, 1.07545560e-27,
       2.90347751e-24, 2.82379930e-22, 4.71971721e-24, 4.11324866e-27,
       7.39165591e-26, 6.36779123e-23, 2.20719415e-21, 4.10169490e-21,
       4.81736004e-24, 2.01168966e-24, 6.44158160e-22, 9.00232344e-20,
       4.05015679e-18, 2.21468702e-19, 1.85138876e-21, 1.32770965e-20,
       7.20467976e-19, 1.31278189e-17, 3.86434328e-17, 2.12942204e-19,
       4.58499046e-20, 7.03894648e-19, 2.19392780e-17, 1.25849381e-15,
       2.30725004e-16, 1.50763395e-17, 4.53296628e-17, 4.13333205e-16,
       1.17884983e-14, 2.73143375e-14, 3.62935892e-16, 5.74321031e-17,
       1.94051800e-16])] S11

array([0.95984992, 1.07881736, 0.82045483, 0.85512558, 1.24462914,
       1.06359965, 1.14904873, 1.03889033, 0.90845109, 1.32078729,
       1.25122212, 1.10293146, 1.01491456, 0.77593883, 1.03016471,
       1.09700949, 0.91538233, 0.94017619, 0.64284811, 0.70936526,
       1.0569814 , 0.91043849, 1.01816565, 0.87534072, 0.70972676,
       1.10424204, 1.08225532, 1.06806865, 0.97885888, 0.72150607,
       0.96289002, 1.11538392, 1.06668105, 1.06056371, 0.76299935,
       0.78347761, 1.05164313, 1.0239737 , 1.05199819, 0.81431621,
       0.64514366, 0.90440554, 1.02961069, 1.06871665, 0.95731504,
       0.68542456, 0.77953797, 0.93845038, 0.97251752, 0.9885151 ,
       0.69526363, 0.64401667, 0.85628954, 0.91115762, 1.02051556,
       0.8398057 , 0.69689208, 0.81171319, 0.90065535, 1.04212538,
       1.02057202, 0.70287683, 0.78649712, 0.90963276, 1.09692011,
       1.23289956, 0.76011641, 0.72264629, 0.9611102 , 1.00722607,
       1.21134316, 0.7910387 , 0.47220199, 0.71054934, 0.84546924,
       1.02993768, 1.00099509, 0.41017985, 0.51750882, 0.80009281,
       1.05874538, 1.28225536, 0.45025304, 0.37846578, 0.65410953,
       0.61879446, 1.41280645, 1.06344007, 0.24421599, 0.27281119,
       0.28420758, 0.44997959, 0.69159792, 0.18727378, 0.09908687,
       0.0986518 , 0.13846183, 0.4836381 , 0.19642627, 0.04938881,
       0.06273602, 0.06725586, 0.1885157 , 0.26095126, 0.07710243,
       0.08387926, 0.07058183, 0.08923717, 0.33229421, 0.19381582,
       0.08939364, 0.08258233, 0.08151376, 0.28884581, 0.49617932,
       0.22701089, 0.19248053, 0.15172246, 0.29847443, 0.87509159,
       0.64975401, 0.39156979, 0.2634882 , 0.26098378, 0.68811952,
       0.90327277, 0.57522594, 0.41246913, 0.31666436, 0.64836956,
       1.2889867 , 0.99599518, 0.64637559, 0.48678392, 0.59610454,
       0.97935599, 0.91589967, 0.75134866, 0.54328895, 0.52378722,
       0.72379743, 0.79561888, 0.7447102 , 0.65769707, 0.54989116,
       0.5769492 , 0.63723044, 0.61900417, 0.57359042, 0.45186178,
       0.49237452, 0.49158946, 0.51300292, 0.51672756, 0.47024206,
       0.49204474, 0.48815652, 0.49523667, 0.51619132, 0.52535564,
       0.5719179 , 0.59958514, 0.55580943, 0.54507185, 0.5705886 ,
       0.63271279, 0.68466667, 0.64335947, 0.56725245, 0.43279964,
       0.52431351, 0.67950394, 0.67957846, 0.59710933, 0.48199295,
       0.44336549, 0.65398474, 0.74014296, 0.69628995, 0.61492633,
       0.47160336, 0.6468246 , 0.74345973, 0.74175076, 0.77703414,
       0.66023885, 0.69262215, 0.82211559, 0.76685276, 0.87132852,
       0.86489019, 0.81977117, 0.9681954 , 0.84579613, 0.77459844,
       0.87452652, 0.9873408 , 1.10554791, 0.98982551, 0.79599339,
       0.73115726])] S12
